100000000 100 4000 24 37
1 2
1 5
1 8
1 12
1 18
1 29
1 30
1 31
1 32
1 34
1 40
1 42
1 43
1 47
1 57
1 60
1 61
1 62
1 65
1 66
1 68
1 74
1 77
1 79
1 80
1 82
1 83
1 85
1 86
1 88
1 89
1 91
1 93
1 95
1 100
2 1
2 2
2 3
2 7
2 8
2 12
2 13
2 16
2 17
2 19
2 22
2 25
2 30
2 31
2 35
2 36
2 37
2 41
2 42
2 44
2 46
2 47
2 49
2 50
2 55
2 58
2 65
2 66
2 67
2 69
2 71
2 74
2 79
2 83
2 85
2 89
2 95
2 96
2 97
2 99
2 100
3 5
3 6
3 8
3 11
3 14
3 15
3 19
3 25
3 28
3 29
3 30
3 31
3 34
3 38
3 47
3 52
3 53
3 55
3 57
3 59
3 60
3 61
3 63
3 64
3 66
3 67
3 68
3 69
3 77
3 79
3 82
3 83
3 84
3 93
3 99
4 4
4 6
4 10
4 11
4 15
4 16
4 24
4 28
4 32
4 37
4 38
4 39
4 46
4 47
4 48
4 53
4 54
4 56
4 59
4 61
4 62
4 64
4 67
4 72
4 74
4 75
4 76
4 78
4 79
4 80
4 81
4 82
4 83
4 84
4 86
4 88
4 97
4 98
5 2
5 3
5 4
5 5
5 9
5 11
5 13
5 15
5 18
5 19
5 23
5 28
5 31
5 33
5 35
5 36
5 39
5 44
5 45
5 46
5 47
5 48
5 50
5 53
5 56
5 58
5 62
5 65
5 67
5 70
5 76
5 78
5 80
5 81
5 82
5 84
5 85
5 89
5 90
5 93
5 94
5 95
5 97
5 98
6 1
6 7
6 12
6 13
6 15
6 16
6 25
6 27
6 30
6 32
6 33
6 34
6 35
6 36
6 42
6 45
6 52
6 53
6 55
6 56
6 60
6 61
6 67
6 69
6 70
6 71
6 74
6 78
6 80
6 81
6 84
6 85
6 89
6 90
6 93
7 1
7 3
7 7
7 13
7 24
7 26
7 27
7 28
7 32
7 35
7 42
7 43
7 45
7 48
7 50
7 52
7 58
7 63
7 65
7 69
7 71
7 73
7 74
7 76
7 79
7 84
7 86
7 88
7 89
7 94
7 97
7 98
7 100
8 1
8 3
8 5
8 7
8 8
8 10
8 11
8 12
8 16
8 17
8 19
8 21
8 24
8 29
8 33
8 34
8 35
8 37
8 38
8 45
8 47
8 49
8 50
8 51
8 52
8 54
8 55
8 57
8 63
8 67
8 68
8 69
8 70
8 72
8 73
8 74
8 75
8 76
8 77
8 79
8 81
8 83
8 87
8 92
8 94
8 95
8 96
8 97
8 99
8 100
9 2
9 4
9 9
9 10
9 13
9 14
9 16
9 17
9 18
9 22
9 23
9 24
9 26
9 27
9 28
9 30
9 33
9 34
9 41
9 42
9 47
9 49
9 56
9 57
9 59
9 67
9 68
9 71
9 72
9 73
9 74
9 77
9 79
9 82
9 84
9 87
9 88
9 89
9 90
9 91
9 95
9 96
9 99
10 5
10 9
10 11
10 14
10 15
10 16
10 19
10 20
10 22
10 24
10 34
10 35
10 43
10 48
10 52
10 54
10 56
10 57
10 60
10 63
10 66
10 70
10 71
10 79
10 81
10 83
10 85
10 86
10 90
10 92
10 93
10 96
10 98
11 2
11 6
11 12
11 18
11 20
11 23
11 26
11 29
11 30
11 34
11 36
11 38
11 39
11 40
11 41
11 43
11 44
11 47
11 48
11 50
11 51
11 57
11 58
11 59
11 60
11 61
11 62
11 63
11 64
11 67
11 70
11 71
11 74
11 75
11 80
11 83
11 84
11 91
11 92
11 93
11 96
11 98
11 99
12 1
12 7
12 9
12 10
12 12
12 16
12 17
12 21
12 23
12 25
12 26
12 30
12 31
12 33
12 34
12 35
12 41
12 43
12 44
12 45
12 46
12 49
12 53
12 54
12 55
12 60
12 62
12 64
12 66
12 69
12 71
12 75
12 77
12 78
12 83
12 84
12 86
12 87
12 88
12 90
12 92
12 96
12 98
13 2
13 4
13 7
13 11
13 16
13 17
13 19
13 22
13 23
13 25
13 27
13 29
13 31
13 34
13 35
13 38
13 40
13 41
13 42
13 44
13 46
13 48
13 49
13 50
13 52
13 56
13 62
13 73
13 82
13 86
13 87
13 89
13 91
13 93
13 94
13 99
14 2
14 3
14 4
14 5
14 9
14 10
14 12
14 13
14 14
14 19
14 23
14 26
14 27
14 31
14 34
14 35
14 37
14 38
14 39
14 40
14 41
14 42
14 43
14 47
14 49
14 51
14 53
14 60
14 64
14 65
14 72
14 73
14 74
14 75
14 76
14 78
14 80
14 81
14 82
14 83
14 84
14 85
14 87
14 89
14 91
14 94
14 97
14 100
15 1
15 5
15 10
15 16
15 20
15 24
15 25
15 29
15 33
15 38
15 39
15 41
15 43
15 45
15 50
15 51
15 52
15 56
15 60
15 61
15 66
15 68
15 69
15 72
15 74
15 75
15 77
15 80
15 84
15 92
15 93
16 1
16 2
16 3
16 7
16 8
16 12
16 21
16 22
16 26
16 31
16 40
16 43
16 45
16 50
16 54
16 57
16 58
16 59
16 60
16 67
16 68
16 71
16 73
16 75
16 76
16 78
16 80
16 81
16 83
16 86
16 88
16 91
16 93
16 97
17 2
17 5
17 6
17 13
17 16
17 18
17 20
17 21
17 22
17 24
17 25
17 26
17 28
17 31
17 40
17 42
17 43
17 45
17 48
17 50
17 52
17 56
17 57
17 59
17 60
17 62
17 65
17 68
17 71
17 75
17 76
17 81
17 87
17 91
17 92
17 93
17 94
17 95
17 96
17 97
17 99
17 100
18 12
18 13
18 15
18 22
18 23
18 27
18 30
18 31
18 34
18 35
18 37
18 39
18 42
18 43
18 45
18 47
18 49
18 51
18 52
18 54
18 57
18 60
18 67
18 75
18 77
18 78
18 80
18 81
18 82
18 84
18 88
18 89
18 95
18 97
19 2
19 6
19 10
19 11
19 14
19 15
19 18
19 19
19 21
19 22
19 27
19 29
19 31
19 33
19 43
19 45
19 46
19 48
19 50
19 52
19 53
19 55
19 61
19 64
19 66
19 68
19 69
19 70
19 73
19 74
19 76
19 77
19 79
19 83
19 86
19 88
19 89
19 90
19 91
19 94
19 95
19 96
19 98
20 1
20 3
20 7
20 8
20 9
20 12
20 14
20 15
20 16
20 17
20 19
20 21
20 23
20 25
20 26
20 31
20 36
20 38
20 39
20 42
20 44
20 46
20 50
20 51
20 53
20 54
20 55
20 56
20 58
20 63
20 64
20 70
20 71
20 72
20 73
20 74
20 76
20 77
20 80
20 81
20 86
20 100
21 1
21 4
21 9
21 10
21 11
21 18
21 22
21 23
21 24
21 28
21 29
21 33
21 38
21 39
21 41
21 42
21 44
21 45
21 47
21 50
21 52
21 54
21 57
21 62
21 63
21 66
21 68
21 69
21 73
21 74
21 75
21 83
21 85
21 87
21 89
21 90
21 95
21 96
21 97
21 100
22 5
22 6
22 9
22 12
22 14
22 16
22 27
22 28
22 29
22 31
22 32
22 33
22 35
22 38
22 39
22 45
22 46
22 47
22 48
22 51
22 63
22 65
22 68
22 70
22 72
22 75
22 78
22 79
22 80
22 81
22 84
22 87
22 89
22 93
22 94
22 97
22 98
22 99
23 1
23 2
23 4
23 5
23 6
23 7
23 11
23 12
23 14
23 18
23 22
23 27
23 30
23 34
23 35
23 37
23 38
23 40
23 41
23 42
23 44
23 46
23 49
23 55
23 56
23 57
23 59
23 60
23 61
23 65
23 68
23 71
23 72
23 78
23 81
23 84
23 87
23 91
23 93
23 96
23 97
23 98
24 1
24 2
24 7
24 8
24 10
24 14
24 16
24 17
24 20
24 23
24 29
24 31
24 32
24 34
24 36
24 37
24 38
24 39
24 42
24 44
24 47
24 48
24 50
24 53
24 61
24 65
24 67
24 73
24 75
24 77
24 80
24 81
24 83
24 84
24 89
24 90
24 92
24 93
24 95
24 96
24 97
24 99
25 1
25 4
25 5
25 8
25 11
25 16
25 17
25 21
25 22
25 24
25 25
25 26
25 28
25 30
25 31
25 33
25 35
25 40
25 43
25 45
25 51
25 53
25 55
25 56
25 57
25 65
25 67
25 69
25 72
25 73
25 80
25 86
25 87
25 88
25 89
25 92
25 95
25 99
25 100
26 3
26 4
26 5
26 10
26 13
26 15
26 17
26 20
26 21
26 28
26 33
26 34
26 35
26 36
26 44
26 49
26 52
26 55
26 56
26 58
26 60
26 61
26 67
26 68
26 69
26 71
26 72
26 73
26 79
26 83
26 84
26 85
26 88
26 89
26 90
26 91
26 99
26 100
27 1
27 2
27 3
27 9
27 14
27 18
27 19
27 20
27 21
27 22
27 24
27 29
27 30
27 31
27 34
27 39
27 40
27 42
27 43
27 51
27 56
27 64
27 66
27 67
27 70
27 71
27 72
27 73
27 74
27 76
27 79
27 80
27 85
27 88
27 92
27 97
27 99
28 3
28 8
28 10
28 11
28 15
28 16
28 19
28 25
28 28
28 31
28 32
28 33
28 34
28 35
28 36
28 37
28 40
28 41
28 44
28 45
28 48
28 49
28 50
28 51
28 54
28 58
28 59
28 61
28 63
28 64
28 65
28 68
28 69
28 73
28 76
28 79
28 81
28 83
28 89
28 90
28 91
28 94
28 96
28 98
29 2
29 7
29 9
29 10
29 12
29 15
29 19
29 20
29 29
29 30
29 32
29 33
29 38
29 39
29 44
29 45
29 50
29 51
29 53
29 54
29 56
29 60
29 73
29 74
29 75
29 76
29 78
29 83
29 84
29 86
29 88
29 91
29 92
29 95
29 96
29 99
29 100
30 3
30 4
30 9
30 11
30 12
30 13
30 20
30 21
30 23
30 25
30 28
30 30
30 31
30 32
30 33
30 35
30 43
30 45
30 49
30 50
30 52
30 53
30 54
30 56
30 57
30 58
30 60
30 61
30 62
30 63
30 68
30 75
30 76
30 77
30 79
30 80
30 84
30 85
30 86
30 87
30 88
30 89
30 93
30 94
30 99
31 4
31 12
31 25
31 26
31 32
31 33
31 37
31 40
31 44
31 48
31 50
31 52
31 53
31 54
31 55
31 60
31 61
31 62
31 64
31 66
31 67
31 69
31 71
31 72
31 80
31 82
31 83
31 84
31 86
31 88
31 96
32 2
32 5
32 6
32 9
32 10
32 12
32 16
32 17
32 19
32 22
32 25
32 27
32 32
32 37
32 46
32 48
32 52
32 55
32 57
32 58
32 60
32 62
32 67
32 70
32 72
32 73
32 78
32 80
32 81
32 82
32 83
32 85
32 86
32 87
32 91
32 94
32 96
32 98
32 99
32 100
33 5
33 6
33 7
33 15
33 16
33 18
33 20
33 23
33 29
33 30
33 31
33 33
33 34
33 37
33 41
33 42
33 44
33 45
33 46
33 48
33 49
33 50
33 51
33 55
33 61
33 62
33 65
33 66
33 71
33 74
33 76
33 77
33 78
33 81
33 82
33 88
33 89
33 90
33 97
33 98
33 100
34 1
34 2
34 7
34 9
34 12
34 13
34 14
34 17
34 18
34 19
34 20
34 23
34 25
34 28
34 29
34 32
34 35
34 37
34 38
34 44
34 45
34 47
34 48
34 51
34 55
34 59
34 61
34 62
34 63
34 64
34 65
34 66
34 70
34 72
34 73
34 76
34 81
34 85
34 86
34 87
34 93
34 94
34 95
34 98
34 99
35 1
35 5
35 6
35 12
35 15
35 16
35 17
35 19
35 20
35 21
35 22
35 24
35 27
35 29
35 30
35 31
35 32
35 33
35 34
35 38
35 40
35 43
35 45
35 48
35 49
35 51
35 52
35 54
35 57
35 60
35 63
35 71
35 77
35 84
35 88
35 91
35 98
35 99
36 3
36 4
36 6
36 11
36 12
36 13
36 14
36 16
36 19
36 22
36 23
36 26
36 28
36 31
36 33
36 35
36 44
36 45
36 46
36 47
36 51
36 52
36 55
36 57
36 58
36 61
36 62
36 69
36 73
36 75
36 77
36 79
36 81
36 82
36 85
36 86
36 87
36 88
36 92
36 93
36 94
37 1
37 2
37 4
37 6
37 7
37 10
37 13
37 14
37 16
37 18
37 24
37 27
37 30
37 32
37 33
37 36
37 37
37 44
37 47
37 48
37 51
37 52
37 55
37 58
37 59
37 61
37 62
37 64
37 65
37 71
37 72
37 75
37 76
37 77
37 79
37 80
37 82
37 83
37 88
37 92
37 93
37 96
37 99
37 100
38 2
38 3
38 4
38 6
38 7
38 8
38 9
38 23
38 24
38 25
38 26
38 27
38 28
38 30
38 32
38 33
38 34
38 40
38 42
38 44
38 46
38 47
38 53
38 54
38 55
38 59
38 60
38 62
38 64
38 65
38 67
38 68
38 69
38 71
38 75
38 77
38 79
38 80
38 82
38 88
38 89
38 91
39 2
39 5
39 10
39 15
39 16
39 19
39 20
39 24
39 25
39 28
39 31
39 32
39 35
39 38
39 39
39 40
39 45
39 48
39 49
39 50
39 51
39 52
39 53
39 57
39 58
39 59
39 60
39 63
39 64
39 68
39 71
39 80
39 81
39 85
39 92
39 93
39 94
39 95
39 96
39 100
40 1
40 6
40 7
40 8
40 9
40 10
40 11
40 17
40 20
40 21
40 23
40 25
40 26
40 27
40 31
40 33
40 35
40 39
40 40
40 42
40 47
40 49
40 50
40 53
40 56
40 58
40 65
40 70
40 72
40 73
40 76
40 77
40 79
40 82
40 83
40 85
40 87
40 88
40 90
40 91
40 94
40 96
40 100
41 2
41 8
41 15
41 16
41 21
41 24
41 25
41 32
41 40
41 41
41 43
41 46
41 47
41 51
41 53
41 55
41 56
41 59
41 60
41 62
41 66
41 67
41 68
41 72
41 74
41 75
41 85
41 86
41 87
41 89
41 93
41 94
41 96
41 99
42 1
42 2
42 5
42 7
42 9
42 15
42 20
42 21
42 22
42 26
42 29
42 30
42 31
42 32
42 34
42 36
42 37
42 38
42 39
42 47
42 49
42 50
42 51
42 54
42 57
42 59
42 60
42 61
42 62
42 65
42 66
42 67
42 69
42 70
42 73
42 74
42 78
42 79
42 87
42 94
42 97
42 99
43 4
43 6
43 9
43 11
43 14
43 19
43 22
43 24
43 28
43 29
43 30
43 36
43 42
43 43
43 45
43 48
43 50
43 53
43 54
43 56
43 57
43 58
43 60
43 62
43 68
43 70
43 75
43 79
43 80
43 82
43 83
43 86
43 87
43 89
43 92
43 94
43 97
43 98
44 1
44 2
44 3
44 4
44 6
44 7
44 8
44 12
44 13
44 15
44 18
44 19
44 20
44 22
44 29
44 31
44 33
44 34
44 39
44 41
44 44
44 46
44 49
44 52
44 53
44 54
44 61
44 63
44 67
44 71
44 74
44 78
44 81
44 82
44 83
44 85
44 86
44 87
44 88
44 89
44 91
44 92
44 96
44 98
45 1
45 5
45 9
45 14
45 16
45 22
45 25
45 27
45 29
45 31
45 34
45 35
45 36
45 39
45 42
45 43
45 44
45 47
45 48
45 51
45 55
45 56
45 59
45 61
45 62
45 64
45 71
45 73
45 74
45 80
45 81
45 82
45 92
45 99
45 100
46 2
46 3
46 4
46 6
46 7
46 8
46 12
46 15
46 19
46 23
46 24
46 26
46 28
46 29
46 32
46 33
46 36
46 37
46 39
46 42
46 45
46 49
46 50
46 51
46 53
46 54
46 57
46 59
46 63
46 69
46 74
46 75
46 77
46 78
46 79
46 82
46 85
46 87
46 88
46 90
46 98
46 100
47 3
47 4
47 5
47 6
47 9
47 12
47 13
47 16
47 25
47 27
47 30
47 31
47 32
47 33
47 35
47 38
47 39
47 40
47 43
47 48
47 50
47 55
47 57
47 59
47 60
47 61
47 64
47 65
47 67
47 68
47 70
47 73
47 74
47 79
47 80
47 82
47 83
47 87
47 92
47 95
47 96
47 98
47 100
48 5
48 7
48 9
48 12
48 13
48 15
48 17
48 23
48 24
48 25
48 28
48 31
48 35
48 36
48 37
48 39
48 40
48 41
48 44
48 47
48 52
48 53
48 57
48 59
48 60
48 62
48 64
48 66
48 68
48 69
48 70
48 71
48 74
48 75
48 82
48 83
48 87
48 88
48 92
48 94
48 98
48 99
49 2
49 3
49 6
49 9
49 11
49 12
49 15
49 16
49 17
49 22
49 26
49 31
49 34
49 35
49 36
49 37
49 40
49 41
49 47
49 49
49 50
49 51
49 52
49 60
49 61
49 62
49 67
49 69
49 73
49 77
49 78
49 79
49 80
49 81
49 83
49 92
49 95
49 96
49 97
49 98
49 100
50 4
50 5
50 8
50 10
50 11
50 12
50 14
50 17
50 19
50 22
50 23
50 27
50 31
50 32
50 34
50 36
50 38
50 39
50 40
50 42
50 44
50 47
50 48
50 49
50 50
50 51
50 53
50 54
50 57
50 58
50 59
50 61
50 62
50 69
50 70
50 71
50 72
50 74
50 77
50 78
50 79
50 80
50 89
50 90
50 91
50 92
50 95
51 2
51 11
51 12
51 15
51 17
51 18
51 20
51 21
51 25
51 26
51 27
51 30
51 31
51 33
51 34
51 35
51 36
51 37
51 38
51 41
51 45
51 46
51 50
51 52
51 56
51 61
51 64
51 65
51 66
51 68
51 69
51 72
51 73
51 74
51 78
51 79
51 80
51 81
51 89
51 91
51 92
51 93
51 96
51 98
51 100
52 3
52 4
52 6
52 7
52 8
52 9
52 10
52 12
52 13
52 15
52 20
52 22
52 24
52 25
52 26
52 33
52 36
52 38
52 42
52 43
52 46
52 50
52 53
52 54
52 62
52 63
52 66
52 69
52 70
52 73
52 74
52 75
52 76
52 77
52 78
52 81
52 86
52 88
52 90
52 91
52 92
52 93
52 94
52 97
52 98
53 1
53 3
53 5
53 7
53 8
53 9
53 18
53 27
53 29
53 31
53 33
53 34
53 35
53 37
53 38
53 43
53 46
53 47
53 50
53 51
53 60
53 62
53 67
53 69
53 70
53 72
53 73
53 75
53 76
53 83
53 84
53 87
53 88
53 91
53 96
53 97
54 2
54 5
54 9
54 12
54 17
54 18
54 21
54 24
54 26
54 28
54 30
54 31
54 32
54 33
54 34
54 37
54 39
54 42
54 48
54 49
54 54
54 56
54 59
54 60
54 61
54 63
54 64
54 66
54 68
54 69
54 70
54 72
54 74
54 77
54 78
54 79
54 80
54 81
54 89
54 91
54 92
54 93
54 95
54 96
54 97
54 98
55 1
55 2
55 3
55 5
55 7
55 9
55 13
55 14
55 19
55 26
55 28
55 31
55 33
55 34
55 35
55 37
55 39
55 40
55 42
55 44
55 45
55 52
55 56
55 62
55 63
55 65
55 67
55 68
55 70
55 72
55 74
55 77
55 78
55 85
55 87
55 88
55 89
55 90
55 91
55 100
56 1
56 5
56 7
56 9
56 12
56 14
56 15
56 16
56 22
56 24
56 27
56 37
56 38
56 39
56 43
56 46
56 53
56 55
56 56
56 57
56 61
56 62
56 68
56 72
56 73
56 74
56 77
56 82
56 84
56 85
56 86
56 88
56 89
56 90
56 96
56 97
56 98
56 100
57 1
57 2
57 5
57 6
57 11
57 12
57 19
57 23
57 24
57 25
57 26
57 27
57 35
57 37
57 39
57 41
57 42
57 46
57 49
57 53
57 56
57 58
57 63
57 65
57 69
57 71
57 73
57 74
57 76
57 83
57 84
57 85
57 88
57 89
57 92
57 95
57 100
58 2
58 4
58 7
58 8
58 9
58 10
58 15
58 16
58 17
58 18
58 19
58 21
58 24
58 25
58 26
58 28
58 30
58 31
58 33
58 35
58 38
58 40
58 41
58 42
58 45
58 50
58 52
58 53
58 54
58 55
58 58
58 59
58 62
58 63
58 67
58 68
58 69
58 70
58 74
58 76
58 77
58 78
58 81
58 82
58 88
58 91
58 93
58 95
58 98
59 4
59 6
59 7
59 10
59 13
59 23
59 25
59 26
59 28
59 29
59 36
59 41
59 42
59 45
59 47
59 48
59 55
59 62
59 63
59 64
59 68
59 69
59 71
59 73
59 77
59 79
59 81
59 82
59 83
59 84
59 86
59 88
59 90
59 96
59 98
59 100
60 6
60 7
60 10
60 11
60 13
60 15
60 20
60 24
60 25
60 28
60 30
60 32
60 33
60 34
60 36
60 43
60 48
60 52
60 54
60 55
60 57
60 58
60 60
60 61
60 64
60 65
60 67
60 68
60 71
60 73
60 74
60 75
60 77
60 78
60 79
60 80
60 82
60 83
60 85
60 88
60 89
60 90
60 97
60 100
61 1
61 4
61 5
61 7
61 11
61 13
61 15
61 19
61 29
61 32
61 34
61 35
61 37
61 41
61 42
61 43
61 46
61 47
61 52
61 55
61 56
61 58
61 61
61 62
61 63
61 64
61 67
61 68
61 69
61 70
61 71
61 72
61 78
61 79
61 81
61 85
61 86
61 89
61 94
61 95
62 2
62 6
62 7
62 10
62 16
62 17
62 21
62 24
62 27
62 31
62 34
62 35
62 40
62 44
62 46
62 48
62 50
62 51
62 52
62 56
62 58
62 60
62 62
62 64
62 67
62 68
62 77
62 79
62 85
62 87
62 88
62 90
62 94
62 96
62 97
63 2
63 4
63 6
63 11
63 12
63 13
63 15
63 16
63 17
63 19
63 23
63 24
63 26
63 27
63 28
63 29
63 30
63 31
63 33
63 36
63 39
63 41
63 44
63 51
63 56
63 57
63 58
63 59
63 63
63 64
63 65
63 70
63 73
63 75
63 76
63 77
63 78
63 81
63 82
63 83
63 90
63 91
63 92
63 98
63 99
64 1
64 2
64 4
64 7
64 10
64 12
64 14
64 15
64 17
64 19
64 22
64 23
64 26
64 29
64 31
64 34
64 36
64 37
64 38
64 45
64 47
64 48
64 52
64 55
64 56
64 57
64 59
64 64
64 71
64 75
64 76
64 78
64 80
64 82
64 89
64 94
64 99
64 100
65 2
65 6
65 7
65 11
65 19
65 21
65 24
65 25
65 26
65 27
65 28
65 31
65 32
65 34
65 35
65 37
65 40
65 41
65 46
65 47
65 49
65 52
65 59
65 61
65 62
65 64
65 66
65 68
65 69
65 70
65 75
65 79
65 81
65 83
65 85
65 89
65 91
65 93
65 95
65 96
66 4
66 6
66 9
66 10
66 12
66 15
66 16
66 21
66 27
66 29
66 30
66 31
66 32
66 35
66 39
66 41
66 42
66 43
66 44
66 45
66 48
66 57
66 58
66 63
66 64
66 67
66 77
66 80
66 81
66 82
66 85
66 87
66 88
66 89
66 91
66 92
66 93
66 98
66 99
67 4
67 13
67 17
67 19
67 20
67 21
67 22
67 23
67 26
67 29
67 36
67 39
67 44
67 46
67 47
67 49
67 52
67 54
67 61
67 73
67 75
67 78
67 85
67 89
67 91
67 95
67 96
67 97
67 98
67 99
67 100
68 1
68 5
68 7
68 11
68 14
68 15
68 16
68 17
68 19
68 26
68 27
68 33
68 34
68 38
68 40
68 41
68 42
68 45
68 47
68 49
68 56
68 58
68 60
68 69
68 72
68 75
68 76
68 78
68 80
68 81
68 82
68 84
68 86
68 88
68 90
68 91
68 94
68 96
68 97
68 98
68 99
69 5
69 8
69 11
69 12
69 13
69 14
69 17
69 18
69 20
69 22
69 23
69 30
69 32
69 34
69 38
69 39
69 41
69 46
69 50
69 52
69 53
69 54
69 55
69 56
69 57
69 58
69 59
69 63
69 65
69 66
69 69
69 70
69 78
69 81
69 84
69 85
69 86
69 87
69 90
69 100
70 2
70 3
70 6
70 9
70 12
70 24
70 25
70 28
70 31
70 32
70 34
70 35
70 41
70 43
70 51
70 55
70 57
70 58
70 61
70 65
70 66
70 68
70 69
70 75
70 76
70 78
70 86
70 91
70 92
70 93
70 94
70 96
70 97
70 99
70 100
71 6
71 7
71 8
71 9
71 10
71 11
71 16
71 17
71 19
71 20
71 23
71 25
71 30
71 31
71 34
71 36
71 44
71 48
71 51
71 54
71 55
71 57
71 58
71 63
71 65
71 67
71 69
71 70
71 72
71 75
71 76
71 84
71 93
71 94
71 96
71 97
72 1
72 2
72 5
72 8
72 10
72 11
72 14
72 17
72 22
72 30
72 31
72 40
72 45
72 46
72 47
72 48
72 49
72 50
72 52
72 53
72 56
72 62
72 65
72 79
72 84
72 85
72 87
72 88
72 91
72 93
72 96
72 97
73 10
73 11
73 12
73 16
73 18
73 19
73 21
73 22
73 24
73 29
73 31
73 33
73 39
73 43
73 45
73 48
73 51
73 57
73 58
73 61
73 62
73 63
73 64
73 65
73 67
73 68
73 69
73 75
73 76
73 77
73 79
73 81
73 83
73 85
73 87
73 88
73 91
73 92
73 93
73 94
73 95
73 97
73 98
73 99
74 2
74 11
74 14
74 15
74 17
74 20
74 23
74 25
74 28
74 32
74 33
74 36
74 37
74 45
74 46
74 48
74 51
74 55
74 58
74 61
74 63
74 64
74 66
74 69
74 78
74 79
74 81
74 82
74 84
74 89
74 93
74 95
74 98
75 2
75 3
75 7
75 11
75 13
75 14
75 15
75 18
75 19
75 20
75 22
75 26
75 28
75 31
75 35
75 36
75 40
75 47
75 49
75 53
75 59
75 63
75 69
75 73
75 76
75 77
75 78
75 80
75 85
75 86
75 90
75 92
75 93
75 99
76 1
76 2
76 8
76 22
76 23
76 25
76 26
76 30
76 33
76 35
76 36
76 39
76 40
76 42
76 43
76 44
76 47
76 49
76 52
76 56
76 57
76 58
76 63
76 64
76 68
76 69
76 72
76 73
76 74
76 76
76 77
76 86
76 87
76 88
76 89
76 90
76 100
77 1
77 6
77 12
77 13
77 14
77 15
77 17
77 18
77 29
77 38
77 42
77 44
77 46
77 48
77 58
77 63
77 65
77 66
77 67
77 78
77 79
77 83
77 84
77 85
77 88
77 89
77 92
77 95
77 97
78 1
78 2
78 5
78 6
78 9
78 11
78 12
78 17
78 18
78 21
78 23
78 25
78 31
78 32
78 33
78 34
78 36
78 38
78 40
78 43
78 46
78 47
78 48
78 54
78 55
78 57
78 61
78 65
78 67
78 73
78 79
78 82
78 83
78 84
78 86
78 89
78 90
78 91
78 92
78 96
78 97
78 98
79 1
79 2
79 4
79 5
79 6
79 9
79 10
79 11
79 12
79 15
79 16
79 17
79 21
79 22
79 24
79 26
79 28
79 29
79 31
79 34
79 37
79 38
79 39
79 41
79 43
79 46
79 50
79 51
79 53
79 54
79 55
79 58
79 59
79 61
79 68
79 69
79 71
79 73
79 77
79 79
79 81
79 82
79 83
79 86
79 87
79 90
79 96
79 100
80 2
80 4
80 5
80 10
80 11
80 12
80 15
80 17
80 18
80 20
80 25
80 31
80 34
80 35
80 37
80 38
80 42
80 43
80 46
80 47
80 48
80 50
80 51
80 52
80 54
80 56
80 58
80 60
80 61
80 62
80 63
80 66
80 68
80 70
80 77
80 79
80 84
80 86
80 87
80 90
80 94
80 97
81 3
81 7
81 8
81 9
81 11
81 12
81 13
81 15
81 17
81 18
81 21
81 24
81 25
81 28
81 29
81 31
81 32
81 33
81 34
81 35
81 41
81 43
81 44
81 45
81 49
81 50
81 51
81 56
81 59
81 65
81 66
81 68
81 69
81 70
81 71
81 87
81 89
81 94
81 96
81 97
81 98
81 100
82 2
82 6
82 7
82 8
82 11
82 12
82 13
82 15
82 16
82 17
82 23
82 24
82 26
82 30
82 31
82 36
82 40
82 44
82 45
82 46
82 47
82 49
82 50
82 53
82 57
82 60
82 62
82 66
82 67
82 70
82 71
82 78
82 81
82 86
82 89
82 91
82 96
83 3
83 5
83 12
83 13
83 19
83 26
83 27
83 29
83 33
83 43
83 45
83 48
83 49
83 50
83 53
83 54
83 59
83 61
83 63
83 64
83 66
83 68
83 70
83 71
83 72
83 73
83 74
83 75
83 76
83 79
83 80
83 81
83 84
83 85
83 89
83 90
83 92
83 93
83 97
83 98
83 100
84 1
84 3
84 6
84 9
84 13
84 15
84 17
84 20
84 23
84 26
84 28
84 36
84 39
84 40
84 42
84 44
84 46
84 47
84 50
84 54
84 56
84 57
84 63
84 66
84 68
84 70
84 76
84 78
84 79
84 81
84 85
84 86
84 91
84 93
84 99
85 2
85 3
85 5
85 8
85 14
85 16
85 19
85 20
85 22
85 26
85 32
85 33
85 37
85 39
85 41
85 42
85 43
85 46
85 47
85 48
85 56
85 64
85 65
85 66
85 69
85 73
85 74
85 75
85 77
85 80
85 84
85 85
85 87
85 88
85 92
85 95
85 96
85 97
85 99
85 100
86 5
86 7
86 10
86 11
86 13
86 17
86 18
86 20
86 21
86 22
86 26
86 27
86 30
86 31
86 38
86 39
86 40
86 45
86 47
86 49
86 50
86 54
86 58
86 71
86 72
86 75
86 80
86 84
86 86
86 88
86 90
86 92
86 93
86 96
86 100
87 1
87 3
87 4
87 6
87 10
87 11
87 12
87 14
87 15
87 20
87 25
87 26
87 27
87 28
87 30
87 34
87 35
87 36
87 40
87 41
87 43
87 46
87 47
87 49
87 50
87 52
87 55
87 57
87 58
87 59
87 60
87 63
87 65
87 66
87 67
87 68
87 71
87 73
87 74
87 78
87 79
87 80
87 82
87 83
87 84
87 87
87 89
87 93
87 94
87 96
87 99
87 100
88 1
88 3
88 6
88 7
88 10
88 11
88 12
88 13
88 14
88 16
88 24
88 26
88 28
88 31
88 32
88 38
88 39
88 42
88 43
88 44
88 45
88 50
88 55
88 56
88 60
88 61
88 64
88 75
88 76
88 77
88 78
88 79
88 81
88 87
88 89
88 93
88 99
88 100
89 1
89 2
89 3
89 6
89 7
89 14
89 21
89 23
89 25
89 30
89 32
89 35
89 36
89 37
89 38
89 40
89 42
89 43
89 46
89 48
89 50
89 55
89 58
89 60
89 62
89 63
89 65
89 67
89 69
89 72
89 73
89 74
89 75
89 78
89 79
89 80
89 81
89 82
89 83
89 84
89 86
89 88
89 92
89 93
89 94
89 97
89 98
89 100
90 2
90 3
90 4
90 5
90 7
90 8
90 11
90 12
90 13
90 14
90 16
90 18
90 22
90 24
90 26
90 29
90 30
90 36
90 40
90 41
90 42
90 51
90 54
90 56
90 57
90 60
90 61
90 64
90 65
90 66
90 67
90 69
90 74
90 79
90 80
90 81
90 83
90 85
90 86
90 87
90 94
90 95
90 97
90 98
90 100
91 7
91 9
91 10
91 11
91 12
91 14
91 19
91 21
91 22
91 23
91 24
91 25
91 27
91 28
91 30
91 32
91 33
91 40
91 47
91 53
91 54
91 56
91 58
91 61
91 62
91 66
91 68
91 70
91 75
91 76
91 87
91 88
91 90
91 91
91 92
91 93
91 95
91 97
92 1
92 2
92 5
92 7
92 11
92 12
92 15
92 18
92 23
92 25
92 27
92 28
92 29
92 31
92 32
92 33
92 34
92 35
92 36
92 37
92 42
92 43
92 46
92 47
92 55
92 57
92 58
92 60
92 61
92 64
92 66
92 67
92 68
92 70
92 72
92 76
92 79
92 83
92 88
92 90
92 91
92 92
92 93
92 94
92 95
92 98
93 2
93 5
93 6
93 9
93 11
93 13
93 14
93 15
93 18
93 25
93 27
93 28
93 30
93 35
93 37
93 38
93 41
93 42
93 44
93 45
93 47
93 48
93 51
93 52
93 55
93 57
93 58
93 63
93 64
93 68
93 69
93 72
93 73
93 75
93 76
93 77
93 81
93 82
93 86
93 87
93 93
93 98
93 99
94 1
94 6
94 8
94 9
94 10
94 18
94 20
94 22
94 23
94 25
94 27
94 28
94 29
94 32
94 34
94 35
94 36
94 38
94 41
94 42
94 43
94 47
94 49
94 55
94 56
94 57
94 59
94 62
94 73
94 74
94 79
94 82
94 84
94 85
94 87
94 92
94 96
94 97
94 98
94 100
95 2
95 3
95 4
95 5
95 6
95 11
95 12
95 13
95 14
95 19
95 21
95 23
95 25
95 29
95 30
95 31
95 34
95 37
95 38
95 39
95 41
95 43
95 44
95 46
95 47
95 48
95 50
95 51
95 52
95 54
95 56
95 58
95 59
95 61
95 62
95 64
95 66
95 72
95 75
95 78
95 80
95 83
95 84
95 88
95 89
95 91
95 93
95 95
95 98
96 3
96 5
96 9
96 10
96 12
96 23
96 25
96 27
96 29
96 34
96 43
96 45
96 46
96 48
96 49
96 52
96 57
96 58
96 59
96 61
96 65
96 67
96 68
96 74
96 75
96 76
96 79
96 80
96 82
96 83
96 84
96 87
96 88
96 89
96 91
96 93
96 94
96 95
96 96
96 98
97 9
97 12
97 16
97 17
97 20
97 22
97 24
97 27
97 29
97 30
97 32
97 35
97 42
97 43
97 45
97 48
97 51
97 54
97 55
97 62
97 66
97 70
97 71
97 73
97 74
97 79
97 80
97 81
97 82
97 85
97 87
97 90
97 92
97 95
97 97
97 98
97 99
98 7
98 11
98 12
98 16
98 20
98 21
98 22
98 29
98 33
98 34
98 37
98 40
98 41
98 43
98 45
98 46
98 47
98 50
98 51
98 52
98 54
98 55
98 58
98 59
98 60
98 62
98 65
98 67
98 68
98 72
98 77
98 79
98 83
98 84
98 86
98 90
98 91
98 96
98 98
99 2
99 5
99 7
99 8
99 9
99 13
99 14
99 16
99 18
99 20
99 29
99 31
99 32
99 34
99 37
99 38
99 39
99 41
99 43
99 47
99 50
99 51
99 52
99 54
99 55
99 57
99 58
99 60
99 63
99 64
99 65
99 66
99 69
99 71
99 75
99 78
99 79
99 80
99 87
99 90
99 91
99 92
99 94
99 99
99 100
100 1
100 2
100 4
100 6
100 7
100 8
100 9
100 10
100 12
100 13
100 14
100 19
100 20
100 22
100 26
100 30
100 32
100 34
100 38
100 44
100 45
100 47
100 49
100 56
100 63
100 67
100 70
100 73
100 81
100 82
100 85
100 86
100 89
100 94
100 99
